output_model_path="/checkpoints/ernie-vil/ernie-vil-large-vcr"
lr_scheduler="manual_warmup_decay"
decay_steps="2000;4000"
lr_decay_ratio=0.1
num_train_steps=12000
SAVE_STEPS=500
WARMUP_STEPS=440.9792336807543
BATCH_SIZE=8
VALID_STEPS=2000
LR_RATE=7.704253126661602e-6
WEIGHT_DECAY=0.005728487074562241
MAX_LEN=80
