output_model_path="/checkpoints/ernie-vil/ernie-vil-large"
lr_scheduler="linear_warmup_decay"
decay_steps="2000;4000"
lr_decay_ratio=0.1
num_train_steps=20000
SAVE_STEPS=500
WARMUP_STEPS=621.128511545334
BATCH_SIZE=8
VALID_STEPS=2000
LR_RATE=7.263212875681687e-06
WEIGHT_DECAY=0.01832738425631113
MAX_LEN=80